0.07802930933943414
0.09547895677912145
0.11914159459743921
0.14348575469503222
0.1673694836975316
0.19045092306917386
0.21259257473994583
0.23376097704210558
0.25397669072235707
0.2732590867761705
0.2916548279791721
0.3091934061106442
0.32592750649285596
0.34190566098771175
0.35717164503991444
0.3717644570446045
0.3857185847326803
0.39906439777275005
0.41185533758915543
0.4241292440263026
0.43587648114071087
0.44718032509177297
0.45802145935227506
0.4684530345860391
0.4784780024842123
0.4881426238970922
0.4974243782602863
0.5064111651426019
0.5150434195157665
0.5233935915140677
0.5314606531263413
0.5392269728306757
0.546764013452193
0.554054381181503
0.5610875080385526
0.5679012810689322
0.5745297372448637
0.5809364111179471
0.5871318781707484
0.5931550668207883
0.5990218941823209
0.6047048661339696
0.6102122550694257
0.6155518632441667
0.6207804460915523
0.6258630315178447
0.6307979841698338
0.6355915033589167
0.6402494561508901
0.6447972452103177
0.6492504269939644
0.6535831852865698
0.6578002514297858
0.6619061178286649
0.6659050523762862
0.6698011118932989
0.6736320215171041
0.6773764646668146
0.6810284736116542
0.6845913808565751
0.6880683633973592
0.6914624514844883
0.6947765368189079
0.6980133802202785
0.7011989732319076
0.7043252218317017
0.7073813057761954
0.7103695346776081
0.7132921192205923
0.7161511763166982
0.718948733946608
0.7216867357113664
0.7243670451122484
0.7269914495775127
0.7295732130596523
0.732120661962544
0.7346167566386456
0.7370630211396014
0.7394609203975646
0.7418118630307783
0.7441172039931737
0.7463782470778244
0.7485962472833988
0.7507724130521594
0.7529079083874212
0.7550038548578589
0.757061333495571
0.7590838423417583
0.7610912792448675
0.7630629685669921
0.7649998506118026
0.7669028332285196
0.7687727931886337
0.7706105774938047
0.7724170046188839
0.7741928656937276
0.775938925627263
0.777655924177028
0.7793445769672204
0.7810055764581006
0.7826395928694044
0.7842472750602676
0.7858292513680251
0.7873861304080705
0.7889185018368686
0.7904318480801671
0.7919350513505256
0.7934152006688994
0.7948728199204749
0.7963084173159307
0.7977224859700575
0.7991155044551074
0.8004879373301095
0.801840235647391
0.8031728374374006
0.8044861681729172
0.8057806412136572
0.8070566582322216
0.8083146096222978
0.8095548748899515
0.8107778230288339
0.8119838128800498
0.8131731934774212
0.8143463043788156
0.815503475984208
0.8166450298410627
0.817771278937648
0.8188825279848019
0.8199790736866945
0.8210612050010867
0.8221308987314173
0.8231981572872472
0.824251690070312
0.8252917593490442
0.8263186207746146
0.8273325235875726
0.8283337108168228
0.8293224194712678
0.830298880724421
0.8312633200922928
0.8322159576048435
0.8331570079712358
0.8340866807392079
0.8350051804487334
0.8359127067802705
0.8368094546977792
0.8376956145867447
0.8385713723873832
0.8394369097232578
0.8402924040254444
0.8411380286524794
0.8419739530061965
0.8428003426436643
0.8436173593853485
0.8444251614196485
0.8452239034039691
0.846013736562427
0.846794808780362
0.8475672646957217
0.8483312457875072
0.8490868904613086
0.849834334132129
0.8505737093045077
0.851305145650126
0.8520287700829164
0.8527447068318323
0.8534530775112984
0.8541540011894894
0.854848910583255
0.8555439992467285
0.8562319078659001
0.8569127469028522
0.8575866245699947
0.8582536468869102
0.8589139177355125
0.8595675389135276
0.8602146101863996
0.8608552293376512
0.8614894922177527
0.8621174927915559
0.862739323184351
0.8633550737265699
0.863964832997202
0.8645686878659569
0.8651667235342173
0.8657590235748263
0.8663456699707356
0.8669267431525582
0.8675023220350897
0.868072484052768
0.8686373051941741
0.869196860035547
0.8697512217734087
0.870300462256252
0.8708446520153911
0.8713838602949444
0.8719181550810248
0.8724476031301358
0.8729722699967907
0.8734922200604082
0.8740075165514739
0.8745182215770302
0.8750243961454666
0.8755261001906723
0.8760233925955495
0.8765163312149226
0.8770049728978353
0.8774893735092869
0.8779695879513962
0.8784456701840306
0.8789176732449034
0.8793856492691624
0.8798496495084785
0.8803097243496544
0.8807659233327696
0.8812182951688651
0.8816668877571913
0.8821117482020167
0.8825529228290475
0.8829904572014141
0.8834243961352815
0.883854783715065
0.8842816633083025
0.8847050775801335
0.8851250685074555
0.8855416773927152
0.8859549448773992
0.8863649109551731
0.8867716149847307
0.8871750957023271
0.8875753912340206
0.8879725391076273
0.888368312953974
0.8887643415882891
0.8891572969444358
0.8895472146196374
0.88993412966409
0.8903180765914175
0.8906990893888843
0.8910772015273876
0.891452445971209
0.8918248551875563
0.8921944611558842
0.892561295377017
0.8929253888820471
0.8932867722410625
0.8936454755716579
0.8940015285472696
0.894354960405325
0.8947057999552132
0.8950540755860824
0.8953998152744657
0.8957430465917381
0.8960837967114269
0.8964220924163474
0.8967579601055937
0.8970914258013859
0.8974225151557492
0.8977512534570922
0.8980776656365942
0.898401776274505
0.8987236096062804
0.8990431895286033
0.8993605396052833
0.8996756830730204
0.8999886428470566
0.900299441526712
0.9006081014008078
0.9009146444529746
0.9012190923668496
0.9015214665311758
0.9018217880447966
0.9021200777215352
0.9024163560950029
0.9027106434232813
0.9030029596935307
0.9032933246265035
0.9035817576809506
0.9038682780579737
0.9041529047052593
0.904435656321241
0.9047165513591912
0.9049956080312139
0.9052728443121703
0.9055482779435321
0.905821926437146
0.9060938070789416
0.9063639369325508
0.906632332842875
0.9068990114395744
0.9071639891404878
0.9074272821549997
0.9076889064873259
0.907948877939757
0.9082072121158239
0.9084639244234134
0.9087190300778196
0.90897254410475
0.9092244813432535
0.909474856448622
0.9097236838952124
0.9099709779792362
0.9102167528214873
0.9104610223700202
0.910703800402784
0.9109451005302069
0.9111849361977271
0.9114233206882953
0.9116602671248034
0.9118957884725024
0.9121298975413524
0.9123626069883397
0.9125939293197548
0.9128238768934241
0.9130524619209073
0.9132796964696541
0.9135055924651173
0.9137301616928385
0.9139534158004965
0.9141753662999053
0.9143960245689958
0.9146154018537564
0.9148335092701301
0.9150503578059008
0.9152659583225188
0.9154803215569262
0.9156934581233207
0.915905378514909
0.9161160931056314
0.916325612151839
0.9165339457939604
0.9167411040581331
0.9169470968578106
0.9171519339953363
0.9173556251634941
0.9175581799470377
0.9177596078241911
0.9179599181681175
0.9181591202483778
0.9183572232323541
0.9185542361866472
0.9187501680784691
0.9189450277769904
0.9191388240546774
0.9193315655886135
0.9195232609617776
0.9197139186643297
0.9199035470948529
0.9200921545615834
0.920279749283633
0.9204663393921632
0.9206519329315727
0.9208365378606437
0.9210201620536722
0.9212028133016038
0.9213844993131117
0.92156522771569
0.9217450060567242
0.921923841804523
0.9221017423493709
0.9222787150045278
0.922455382028128
0.9226328383811853
0.9228093772527477
0.9229850057364445
0.9231597308529995
0.9233335595511658
0.923506498708648
0.9236785551330082
0.923849735562548
0.9240200466671952
0.9241894950493684
0.924358087244821
0.9245258297234905
0.9246927288903212
0.9248587910860717
0.9250240225881203
0.9251884296112595
0.9253520183084664
0.9255147947716745
0.9256767650325242
0.9258379350631091
0.9259983107767066
0.9261578980285031
0.9263167026163037
0.9264747302812317
0.9266319867084226
0.9267884775276991
0.9269442083142455
0.9270991845892723
0.9272534118206618
0.9274068954236095
0.9275596407612611
0.9277116531453371
0.9278629378367372
0.9280135000461643
0.9281633449347036
0.9283124776144193
0.928460903148938
0.9286086265540142
0.9287556527981031
0.9289019868029064
0.9290476334439249
0.9291925975510053
0.92933688390886
0.9294804972576115
0.9296234422932875
0.9297657236683528
0.9299073459921988
0.9300483138316509
0.9301886317114533
0.9303283041147499
0.9304673354835665
0.9306057302192798
0.930743492683077
0.9308806271964195
0.9310171380414893
0.9311530294616366
0.9312883056618169
0.9314229708090237
0.9315570290327192
0.9316904844252577
0.9318233410422877
0.9319556029031819
0.9320872739914239
0.9322183582550199
0.9323488596068905
0.9324787819252537
0.9326081290540107
0.932736904803132
0.9328651129490169
0.9329927572348824
0.9331198413711022
0.9332463690355843
0.9333723438741203
0.9334977695007288
0.933622649498015
0.9337469874174935
0.93387078677994
0.9339940510757087
0.9341167837650753
0.9342389882785495
0.9343606680171979
0.934481826352957
0.9346024666289487
0.934722592159783
0.9348422062318615
0.9349613121036817
0.9350799130061261
0.9351980121427559
0.9353156126901023
0.9354327177979457
0.9355493305896035
0.9356654541622003
0.9357810915869438
0.9358962459093988
0.9360109201497482
0.9361251173030655
0.9362388403395655
0.9363520922048659
0.9364648758202428
0.9365771940828804
0.9366890498661166
0.9368004460196913
0.9369113853699869
0.9370218707202622
0.9371319048508963
0.9372414905196194
0.9373506304617355
0.9374593273903634
0.9375675839966466
0.9376754029499852
0.9377827868982496
0.937889738468003
0.9379962602647082
0.9381023548729431
0.9382080248566088
0.938313272759136
0.9384181011036885
0.9385225123933633
0.9386265091113946
0.9387300937213435
0.9388332686672952
0.9389360363740566
0.9390383992473338
0.9391403596739323
0.939241920021935
0.9393430826408837
0.9394438498619704
0.9395442239982046
0.9396442073445954
0.9397438021783264
0.9398430107589253
0.9399418353284403
0.9400402781116042
0.9401383413159997
0.9402360271322312
0.9403333377340813
0.9404302752786732
0.9405268419066317
0.9406230397422413
0.9407188708935961
0.9408143374527638
0.9409094414959228
0.9410041850835315
0.9410985702604604
0.9411925990561465
0.9412862734847407
0.9413795955452444
0.9414725672216597
0.941565190483122
0.9416574672840441
0.9417493995642531
0.9418409892491243
0.9419322382497158
0.9420231484629044
0.9421137217715071
0.9422039600444306
0.9422938651367779
0.9423834388899869
0.942472683131954
0.9425615996771587
0.9426501903267849
0.9427384568688457
0.9428264010782995
0.9429140247171707
0.9430013295346664
0.9430883172672947
0.943174989638983
0.943261348361179
0.9433473951329768
0.9434331316412207
0.9435185595606215
0.9436036805538554
0.9436884962716849
0.9437730083530524
0.9438572184251957
0.9439411281037463
0.9440247389928371
0.944108052685201
0.9441910707622712
0.9442737947942854
0.9443562263403831
0.9444383669487008
0.9445202181564687
0.9446017814901153
0.9446830584653501
0.9447640505872636
0.9448447593504204
0.9449251862389516
0.9450053327266416
0.9450852002770201
0.9451647903434538
0.9452441043692319
0.9453231437876517
0.9454019100221099
0.9454804044861791
0.9455586285837071
0.9456365837088808
0.9457142712463303
0.9457916925711938
0.9458688490492055
0.9459457420367761
0.9460223728810722
0.9460987429200931
0.9461748534827512
0.9462507058889462
0.9463263014496419
0.9464016414669446
0.9464767272341752
0.9465515600359414
0.9466261411482161
0.9467004718384049
0.9467745533654212
0.9468483869797534
0.9469219739235406
0.9469953154306386
0.947068412726687
0.9471412670291808
0.9472138795475384
0.9472862514831668
0.9473583840295282
0.947430278372205
0.9475019356889631
0.9475733571498227
0.9476445439171122
0.9477154971455413
0.9477862179822548
0.9478567075669017
0.9479269670316858
0.9479969975014445
0.9480668000936877
0.9481363759186706
0.9482057260794519
0.9482748516719408
0.9483437537849725
0.9484124335003499
0.9484808918929087
0.9485491300305686
0.9486171489743941
0.948684949778642
0.9487525334908266
0.9488199011517607
0.948887053795619
0.9489539924499888
0.9490207181359155
0.9490872318679648
0.9491535346542691
0.9492196274965771
0.9492855113903063
0.9493511873245907
0.9494166562823361
0.9494819192402619
0.9495469771689532
0.9496118310329082
0.949676481790586
0.9497409303944551
0.9498051777910369
0.9498692249209535
0.9499330727189793
0.9499967221140724
0.9500601740294363
0.9501234293825522
0.9501864890852304
0.9502493540436466
0.9503120251583973
0.9503745033245272
0.9504367894315872
0.9504988843636645
0.9505607889994288
0.9506225042121811
0.9506840308698784
0.9507453698351908
0.9508065219655344
0.9508674881131057
0.9509282691249358
0.9509888658429118
0.9510492791038314
0.9511095097394319
0.9511695585764344
0.9512294264365712
0.9512891141366367
0.9513486224885196
0.9514079522992314
0.951467104370958
0.9515260795010794
0.9515848784822181
0.9516435021022731
0.9517019511444467
0.9517602263872873
0.9518183286047225
0.9518762585660889
0.9519340170361738
0.9519916047752428
0.952049022539074
0.9521062710789931
0.9521633511419055
0.9522202634703246
0.9522770088024105
0.9523335878720015
0.9523900014086378
0.9524462501375994
0.9525023347799403
0.952558256052513
0.9526140146679972
0.9526696113349377
0.9527250467577704
0.9527803216368531
0.9528354366684886
0.9528903925449661
0.9529451899545808
0.9529998295816646
0.9530543121066151
0.9531086382059256
0.9531628085522107
0.9532168238142353
0.9532706846569405
0.9533243917414737
0.9533779457252123
0.9534313472617925
0.9534845970011357
0.9535376955894748
0.9535906436693802
0.9536434418797847
0.9536960908560138
0.9537485912298028
0.9538009436293303
0.9538531486792382
0.9539052070006565
0.9539571192112328
0.9540088859251528
0.9540605077531611
0.9541119853025972
0.9541633191774034
0.9542145099781582
0.9542655583021018
0.9543164647431516
0.9543672298919315
0.9544178543357911
0.9544683386588257
0.9545186834419095
0.9545688892627058
0.9546189566956959
0.9546688863122003
0.9547186786803956
0.9547683343653469
0.9548178539290143
0.954867237930285
0.9549164869249942
0.9549656014659376
0.9550145821029008
0.9550634293826757
0.9551121438490827
0.9551607260429859
0.955209176502322
0.9552574957621092
0.9553056843544803
0.9553537428086882
0.9554016716511354
0.9554494714053862
0.9554971425921933
0.9555446857295096
0.95559210133251
0.9556393899136091
0.9556865519824865
0.9557335880460902
0.9557804986086691
0.9558272841717849
0.9558739452343272
0.95592048229254
0.9559668958400303
0.9560131863677878
0.9560593543642085
0.9561054003151017
0.9561513247037137
0.956197128010747
0.9562428107143659
0.9562883732902292
0.9563338162114903
0.9563791399488258
0.9564243449704459
0.9564694317421086
0.9565144007271488
0.9565592523864724
0.9566039871785909
0.9566486055596298
0.956693107983339
0.9567374949011215
0.9567817667620334
0.9568259240128111
0.9568699670978789
0.9569138964593682
0.9569577125371277
0.9570014157687478
0.9570450065895587
0.9570884854326632
0.9571318527289361
0.957175108907048
0.9572182875149344
0.9572619048883991
0.9573054109850924
0.9573488062302613
0.957392091046981
0.9574352658561877
0.957478331076673
0.9575212871251083
0.9575641344160528
0.9576068733619753
0.9576495043732547
0.9576920278582082
0.9577344442230897
0.9577767538721099
0.9578189572074535
0.9578610546292818
0.9579030465357529
0.9579449333230329
0.9579867153853052
0.9580283931147859
0.9580699669017348
0.9581114371344676
0.9581528041993719
0.9581940684809098
0.9582352303616384
0.9582762902222237
0.9583172484414386
0.9583581053961898
0.9583988614615192
0.9584395170106231
0.9584800724148557
0.9585205280437473
0.9585608842650103
0.9586011414445548
0.9586412999464953
0.9586813601331646
0.9587213223651252
0.9587611870011777
0.9588009543983732
0.9588406249120223
0.9588801988957083
0.9589196767012932
0.9589590586789374
0.9589983451770963
0.9590375365425423
0.9590766331203702
0.9591156352540087
0.9591545432852274
0.9591933575541525
0.9592320783992662
0.9592707061574315
0.9593092411638914
0.9593476837522791
0.9593860342546311
0.9594242930013955
0.959462460321442
0.9595005365420699
0.9595385219890195
0.9595764169864762
0.9596142218570883
0.9596519369219704
0.959689562500711
0.9597270989113884
0.9597645464705691
0.9598019054933311
0.9598391762932588
0.959876359182457
0.9599134544715653
0.9599504624697587
0.9599873834847561
0.9600242178228375
0.9600609657888427
0.9600976276861876
0.9601342038168631
0.9601706944814525
0.9602070999791424
0.9602434206077094
0.9602796566635579
0.9603158084417069
0.960351876235809
0.9603878603381476
0.9604237610396589
0.9604595786299295
0.9604953133972066
0.9605309656284055
0.9605665356091171
0.9606020236236207
0.9606374299548812
0.9606727548845686
0.9607079986930556
0.9607431616594297
0.9607782440615014
0.9608132461758072
0.9608481682776204
0.960883010640959
0.9609177735385891
0.960952457242036
0.9609870620215891
0.9610215881463076
0.9610560358840328
0.961090405501387
0.9611246972637888
0.9611589114354523
0.961193048279401
0.961227108057469
0.9612610910303084
0.961294997457402
0.9613288275970596
0.9613625817064333
0.961396260041522
0.9614298628571712
0.961463390407093
0.961496842943858
0.9615302207189095
0.9615635239825711
0.9615967529840458
0.9616299079714289
0.9616629891917152
0.961695996890796
0.9617289313134743
0.9617617927034677
0.9617945813034122
0.9618272973548733
0.9618599410983457
0.9618925127732628
0.9619250126180081
0.961957440869904
0.9619897977652385
0.9620220835392559
0.9620542984261691
0.9620864426591655
0.9621185164704079
0.9621505200910448
0.9621824537512144
0.9622143176800478
0.9622461121056791
0.9622778372552507
0.9623094933549088
0.9623410806298242
0.9623725993041854
0.9624040496012104
0.9624354317431477
0.9624667459512863
0.9624979924459589
0.9625291714465409
0.962560283171467
0.9625913278382292
0.9626223056633813
0.9626532168625482
0.9626840616504255
0.9627148402407878
0.9627455528464978
0.9627761996795018
0.9628067809508403
0.9628372968706534
0.9628677476481816
0.9628981334917752
0.9629284546088988
0.9629587112061294
0.9629889034891707
0.9630190316628495
0.9630490959311251
0.9630790964970939
0.9631090335629902
0.963138907330195
0.9631687179992392
0.9631984657698055
0.9632281508407351
0.9632577734100348
0.9632873336748755
0.9633168318316035
0.9633462680757336
0.9633756426019725
0.9634049556042004
0.9634342072754902
0.9634633978081105
0.9634925273935241
0.9635215962223956
0.9635506044845966
0.963579552369206
0.9636084400645185
0.9636372677580479
0.9636660356365272
0.963694743885916
0.9637233926914045
0.963751982237416
0.9637805127076157
0.9638089842849052
0.9638373971514334
0.9638657514886011
0.9638940474770619
0.9639222852967234
0.9639504651267597
0.9639785871456062
0.96400665153097
0.9640346584598256
0.9640626081084281
0.9640905006523104
0.9641183362662908
0.9641461151244739
0.9641738374002558
0.9642015032663237
0.9642291128946661
0.9642566664565745
0.9642841641226413
0.9643116060627699
0.9643389924461767
0.964366323441393
0.9643935992162663
0.9644208199379705
0.9644479857730065
0.9644750968871978
0.9645021534457074
0.964529155613031
0.964556103553007
0.9645829974288112
0.9646098374029703
0.9646366236373556
0.964663356293197
0.9646900355310736
0.964716661510929
0.9647432343920643
0.9647697543331493
0.9647962214922231
0.9648226360266919
0.9648489980933392
0.9648753078483282
0.9649015654472002
0.964927771044881
0.9649539247956859
0.9649800268533166
0.9650060773708709
0.96503207650084
0.9650580243951173
0.9650839212049949
0.9651097670811735
0.9651355621737582
0.965161306632268
0.9651870006056317
0.9652126442421983
0.9652382376897332
0.9652637810954284
